346509766
182968248
424882243
15490883
14477650
12682
2245483350
181491508
96571895
285049878
9459482
188788304
18840827
45373190
45910046
226527916
261376393
160566383
386425982
290664461
593632724
684893
8325052
58430958
1133338398
361192570
49298359
26104664
1559086135
589881546
2990623223
1417290926
48793355
181269400
15495521
341716617
45110586
146188929
6157422
1955009634
41248779
28548418
399538269
275007771
253760870
147705206
15834137
16281669
504813703
67295854
2990623223
1567705933
453976668
684893
261376393
26104664
290664461
58430958
352186652
18840827
1955009634
386425982
275007771
18717320
2750319373
1133338398
9459482
28548418
181269400
8325052
146188929
41248779
963186234
361192570
285049878
226527916
15495521
399538269
15490883
424882243
16281669
67295854
229645868
1417290926
6157422
1559086135
526801393
237828595
49298359
327487581
182968248
188788304
593632724
442675445
14477650
160566383
45910046
224295180
253760870
96571895
48793355
504813703